sent, rec
724, 184440
10344132, 10781799
20871080, 21348135
30518489, 30988168
40158695, 72049337
50454962, 72114196
60749455, 72163088
71044277, 72181683
80353342, 80850401
91027379, 91520677
100735074, 132088145
110604495, 132145204
120902160, 132167024
130192180, 132213020
140393056, 140882050
151048769, 151555956
160720192, 192115959
171017304, 192189831
180336252, 192222420
190625813, 192255342
200426161, 200918387
211091670, 211583403
220753203, 252112782
231043760, 252196388
240367687, 252233375
250663914, 252287468
260458193, 260955955
271132827, 271660884
280837063, 313916367
291128172, 313993421
300423757, 314027916
310731682, 314060137
320170817, 320665788
330837960, 331336892
340542194, 372132343
350778673, 372204378
361096373, 372235781
370392174, 372287853
380484933, 380979037
391143417, 391641610
400859662, 432026935
410152510, 432058475
420480247, 432100642
431111425, 432213857
440303106, 440827285
451013150, 451503714
460669488, 492091273
470968816, 492146190
480269872, 492168012
490565555, 492194635
500367227, 500859888
511032446, 511521128
520691854, 552097006
530989438, 552152458
540294624, 552174235
550596785, 552197541
560372545, 560867427
571030220, 571530580
580724575, 612016232
590200622, 612079663
600492896, 612128702
610785639, 612161445
620328802, 620829513
630995154, 631492144
640699529, 672115603
650993088, 672191031
660298467, 672225696
670634360, 672258768
680421006, 680913791
691084682, 691611575
700781827, 732011988
711078211, 732070131
720379171, 732122001
730677209, 732164779
740320624, 741099456
750297962, 750794491
760960685, 792024981
770255725, 792083009
780561552, 792130254
790853225, 792149301
800314054, 800805293
810975012, 811478119
820642944, 852099789
830941108, 852149762
840231218, 852186266
850526204, 852218630
860386426, 860891059
871059449, 871549627
880723511, 912011060
891018673, 912051953
900320174, 912077459
910936163, 912118359
920275250, 920766233
930934728, 931429938
940594812, 972090781
950821230, 972147769
961128871, 972169247
970420295, 972198142
980379674, 980876824
991052100, 991541879
1000900901, 1036157413
1010206716, 1036211958
1020493270, 1036248566
1030786238, 1036284567
1040383409, 1040875686
1051039518, 1051542021
1060740444, 1092097499
1071036080, 1092155942
1080341392, 1092187800
1090648573, 1092224835
1100399242, 1100892386
1111069073, 1111575700
1120742554, 1152115142
1131044290, 1152189450
1140337863, 1152222154
1150640934, 1152255200
1160425344, 1160919874
1171092392, 1171598672
1180796410, 1212118178
1191095648, 1212432799
1200395059, 1212845283
1210697939, 1212888768
1221052949, 1221549698
1230717403, 1231208108
1240404840, 1272078146
1250711577, 1272133279
1261006062, 1272154030
1270286839, 1272181890
1280345163, 1280836447
1290990694, 1291493211
1300655019, 1332097097
1310952493, 1332154390
1320244321, 1332186878
1330550802, 1332221533
1340390765, 1340914050
1351091246, 1351585471
1360747670, 1392003312
1371035595, 1392060361
1380585489, 1392107161
1390874200, 1392126630
1400285716, 1400779506
1410945548, 1411436704
1420600446, 1452083785
1430923356, 1452142465
1440208013, 1452174502
1450509350, 1452213684
1460384062, 1460884543
1471055144, 1471541528
1480744243, 1512099777
1491046455, 1512160595
1500345309, 1512191455
1510683505, 1512225412
1520388253, 1520894818
1531058953, 1531852468
1541017367, 1576111457
1550333632, 1576185863
1560628092, 1576221525
1570923094, 1576260139
1580358555, 1580867781
1591025146, 1591520241
1600690171, 1632107061
1610993947, 1632166441
1620300178, 1632197688
1630592782, 1632233409
1640428770, 1641130569
1650339188, 1650835573
1660996997, 1691996918
1670285695, 1692044699
1680582512, 1692078762
1690885843, 1692119071
1700290454, 1700785447
1710958152, 1711450569
1720616175, 1752100337
1730935628, 1752159867
1740232079, 1752190451
1750554742, 1752224769
1760393447, 1760884448
1771046022, 1771537587
1780708904, 1812095028
1791009987, 1812154584
1800300775, 1812187396
1810602976, 1812223589
1820392499, 1820907308
1831118608, 1831610974
1840778246, 1872001816
1850348035, 1872060592
1860679236, 1872104759
1870968895, 1872123970
1880294274, 1880785528
1890957449, 1891446757
1900636700, 1932109417
1910934552, 1932178053
1920228723, 1932200167
1930529466, 1932224012
1940405440, 1940894752
1951050504, 1951542447
1960708511, 1992133771
1971008712, 1992245906
1980304968, 1992267956
1990651142, 1992293444
2000762581, 2001234097
2010397250, 2010883232
2021048184, 2052001824
2030359022, 2052033476
2040671967, 2052255426
2050953598, 2052331798
2060489680, 2060970016
2071136304, 2071615436
2080780611, 2112091506
2091067659, 2112126396
2100348524, 2112458385
2110667367, 2112534376
2120739247, 2121219604
2130383695, 2130860138
2141029931, 2172011646
2150319266, 2172060646
2160835741, 2172109221
2171115020, 2172142526
2180310570, 2180785276
2190951777, 2191427591
2200589987, 2232092770
2210894522, 2232145981
2220161525, 2232166797
2230474533, 2232191474
2240389375, 2240869384
2251033279, 2251513306
2260694750, 2292110430
2270974448, 2292180076
2280267533, 2292215708
2290548704, 2292253670
2300423812, 2300913973
2311077684, 2311848322
2321013246, 2356093843
2330293624, 2356151909
2340573850, 2356190458
2350886579, 2356228741
2360328024, 2360798389
2370953346, 2371442795
2380634267, 2412075844
2390912924, 2412117929
2400225254, 2412152170
2410512867, 2412190062
2420379450, 2420856245
2431021823, 2431491475
2440704373, 2472144894
2450970865, 2472198371
2460252192, 2472238146
2470577007, 2472277001
2480449790, 2480933371
2491100153, 2491583848
2500752669, 2532086976
2511050819, 2532142438
2520348395, 2532188022
2530647028, 2532208133
2540379594, 2540861551
2551030282, 2551520725
2560716274, 2592081637
2571017183, 2592143619
2580335998, 2592182264
2590636417, 2592217101
2600410895, 2600896974
2611070106, 2611554489
2620742857, 2651997356
2630365871, 2652048616
2640711816, 2652090362
2651043301, 2652109881
2660268868, 2660739867
2670909731, 2671374961
2680562842, 2712145746
2690849272, 2712199491
2701130708, 2712243032
2710451597, 2712281546
2720484848, 2720956128
2731122267, 2731594852
2740760629, 2772097123
2751038956, 2772157832
2760313618, 2772194800
2770593609, 2772230102
2780329689, 2784213915
2790395089, 2790868741
2801029975, 2832021701
2810312501, 2832070517
2820589052, 2832110459
2830868731, 2832148171
2840306689, 2840777673
2850935061, 2851477607
2860666940, 2892105568
2870949486, 2892169364
2880257305, 2892207715
2890536077, 2892244096
2900445772, 2900917457
2911086875, 2911557094
2920747325, 2952012687
2931028305, 2952075405
2940298292, 2952113885
2951034469, 2952185009
2960377991, 2960862197
2971029712, 2971527040
2980720223, 3012107725
2991020510, 3012161722
3000308893, 3012195226
3010805630, 3012225989
3020401559, 3020876021
3031040057, 3031511812
3040720018, 3072140890
3051009727, 3072183596
3060299940, 3072218189
3070621519, 3072254622
3080423886, 3080898135
3091061982, 3091540630
3100706521, 3132084354
3110998449, 3132146138
3120291705, 3132185010
3130581492, 3132220227
3140418266, 3140891692
3151059302, 3151543623
3160707840, 3192114982
3171001231, 3192165680
3180291520, 3192198556
3190626178, 3192230459
3200401327, 3200876947
3211040438, 3211519682
3220687130, 3252417073
3230985923, 3252491485
3240300492, 3252525291
3250591315, 3252548200
3260718480, 3261199531
3270350382, 3270832590
3281000295, 3312001620
3290287523, 3312050474
3300580195, 3312094101
3310875703, 3312132039
3320300173, 3320784660
3330946836, 3331418493
3340582257, 3372090370
3350882879, 3372143889
3360174924, 3372184426
3370465273, 3372223019
3380409696, 3380909801
3391077121, 3391551665
3400715440, 3431998906
3411010936, 3432040502
3420685151, 3432077831
3430957795, 3432149817
3440331361, 3440792626
3450957162, 3451416772
3460584034, 3492127367
3470896772, 3492184691
3480178625, 3492221376
3490487451, 3492255663
3500427572, 3500881233
3511052051, 3511507683
3520670175, 3552134169
3530948829, 3552190462
3540225565, 3552227111
3550544817, 3552264840
3560435460, 3561156667
3570321056, 3570775901
3580935594, 3612092137
3590206716, 3612133721
3600417924, 3612167883
3610699152, 3612205123
3620372542, 3620826010
3630994083, 3631450190
3640657840, 3672122935
3650943082, 3672181602
3660237205, 3672212727
3670538245, 3672248933
3680420082, 3680876516
3691048823, 3691506138
3700672249, 3732133656
3710952597, 3732276338
3720232973, 3732315070
3730779130, 3732350407
3740520458, 3740978009
3751144522, 3751602043
3760769655, 3792118836
3771051817, 3792176568
3780327090, 3792207123
3790625067, 3792241036
3800408076, 3800869195
3811037526, 3811493625
3820663951, 3852091102
3830943806, 3852152207
3840251339, 3852190228
3850523220, 3852223019
3860418399, 3860873832
3871035931, 3871489099
3880665777, 3912108530
3890943992, 3915603998
3900217003, 3915687944
3910522691, 3915744261
3920908866, 3921367471
3930536203, 3930990367
3940154575, 3972011081
3950438592, 3972061488
3960759929, 3972103860
3971036021, 3972142176
3980303328, 3980760020
3990930563, 3991387987
4000550551, 4032110264
4011026567, 4032396952
4020310320, 4032437582
4030627147, 4032477480
4040690613, 4041147451
4050320375, 4050773644
4060938840, 4092131172
4070221730, 4092185251
4080489321, 4092224128
4090795825, 4092261642
4100434090, 4100885394
4111051363, 4111505899
4120672110, 4152133843
4130951536, 4152188377
4140227983, 4152226215
4150534507, 4152250271
4160428567, 4160887415
4171052499, 4171509188
4180680257, 4212002862
4190960523, 4212052136
4200714024, 4212114040
4210988311, 4212132560
4220296194, 4220757133
4230950618, 4231406224
4240596658, 4272114898
4250871957, 4272164431
4261147948, 4272195699
4270466266, 4272231541
4280405216, 4280856055
4291021758, 4291476210
4300632969, 4332075195
4310902663, 4332122663
4320171391, 4332155090
4330442739, 4332190787
4340368212, 4341301228
4350467705, 4350947266
4361135042, 4392009584
4370418754, 4392057950
4380735591, 4392097146
4391012527, 4392133698
4400303031, 4400767643
4410938677, 4411390123
4420598592, 4452071307
4430921095, 4452127145
4440191974, 4452165478
4450498213, 4452201683
4460402849, 4460854999
4471021856, 4471475703
4480643543, 4512129606
4490926191, 4512182030
4500200450, 4512218764
4510491724, 4512256838
4520425536, 4520883041
4531047376, 4531512112
4540676089, 4572085648
4551019174, 4572138014
4560298178, 4572176065
4570587898, 4572215203
4580386550, 4580857047
4591064505, 4591529236
4600691773, 4632113079
4610993687, 4632172033
4620287987, 4632202957
4630601937, 4632238921
4640440822, 4640909099
4651115071, 4651584407
4660754217, 4691995385
4670332735, 4692044034
4680620728, 4692084233
4690909236, 4692103069
4700270699, 4700741866
4710953162, 4711424887
4720589790, 4752081542
4730878538, 4752139735
4740096621, 4752241027
4750393332, 4752265557
4760432141, 4760900445
4771067808, 4771541308
4780705039, 4812081860
4791027422, 4812142421
4800321748, 4812180431
4810607670, 4812216610
4820388963, 4821184582
4830354693, 4830810544
4840971809, 4872145609
4850251466, 4872245652
4860526727, 4872282158
4870845360, 4872318095
4880485258, 4880938344
4891101555, 4891592297
4900773419, 4932074107
4911058428, 4932131137
4920335389, 4932171676
4930606602, 4932208779
4940381460, 4940836477
4951028139, 4951479025
4960642995, 4992117135
4970953491, 4992170079
4980226275, 4992208455
4990790665, 4992247317
5000443716, 5000895391
5010161532, 5010616387
5020781644, 5052083017
5031064193, 5052139581
5040394447, 5052183078
5050667268, 5052203863
5060370753, 5060825777
5071021405, 5071475277
5080681441, 5112130856
5090956204, 5112182296
5100236175, 5112218431
5110555089, 5112257060
5120426096, 5120878388
5131046192, 5131912565
5141077567, 5176070160
5150362326, 5176117354
5160640131, 5176149603
5170917747, 5176183105
5180280244, 5180734435
5190925746, 5191386401
5200550563, 5232087543
5210831326, 5232146623
5221107216, 5232190019
5230373988, 5232213856
5240413144, 5240865653
5251030100, 5251482884
5260680027, 5292074195
5270998629, 5292127911
5280271624, 5292167314
5290548057, 5292204753
5300376029, 5300828441
5311036568, 5311490471
5320652335, 5352055894
5330932747, 5352103753
5340209340, 5352132704
5350490025, 5352166104
5360263903, 5360723160
5370894798, 5371353802
5380547885, 5412087209
5390870728, 5412141582
5401161068, 5412180394
5410432250, 5412217488
5420389925, 5420848449
5431062894, 5431520431
5440730160, 5472134807
5450197953, 5472180021
5460466988, 5472212269
5470769945, 5472245653
5480412503, 5480868120
5491039302, 5491493675
5500657739, 5532086248
5510964472, 5532145714
5520247250, 5532181875
5530524721, 5532216684
5540386680, 5540843601
5551039592, 5551496260
5560657973, 5592102034
5570953486, 5592161148
5580231940, 5592196857
5590514951, 5592233281
5600328068, 5604346036
5610508125, 5610967682
5621143208, 5656140810
5630426803, 5656199550
5640744973, 5656238258
5651017839, 5656273204
5660370679, 5660849406
5671040610, 5671628254
5680795543, 5711967035
5691072512, 5712015433
5700336068, 5712050410
5710626552, 5712089404
5720252193, 5720692844
5730858937, 5731297503
5740460510, 5772051105
5750782960, 5772134999
5761056768, 5772159569
5770606365, 5772178014
5780344180, 5780794232
5790964230, 5791415350
5800610573, 5832071224
5810907073, 5832125152
5820199496, 5832159316
5830490998, 5832192375
5840388028, 5840843664
5851010528, 5851464697
5860631880, 5892055182
5870945590, 5892156009
5880233424, 5892193605
5890526435, 5892229136
5900441684, 5900909392
5911123571, 5911598595
5920766909, 5952121429
5931057780, 5952175456
5940352503, 5952213724
5950636861, 5952237829
5960410291, 5960878761
5971041478, 5971509875
5980674554, 6012123580
5990995946, 6012181672
6000284867, 6012218498
6010755085, 6012252331
6020423716, 6020879373
6031077925, 6031531609
6040725715, 6072303321
6051002279, 6072361358
6060282993, 6072395985
6070568733, 6072423185
6080593869, 6081048738
6090214265, 6090676317
6100844496, 6132075459
6111166027, 6132128261
6120441036, 6132163511
6130716743, 6132426924
6140587304, 6141040939
6150211472, 6150665214
6160839372, 6192099640
6171116628, 6192150954
6180419190, 6192185817
6190766253, 6192222798
6200390243, 6200864649
6211029312, 6211496156
6220691285, 6256113886
6231029942, 6256163558
6240793352, 6256196382
6251068627, 6256228948
6260327008, 6260781270
6270971446, 6271426966
6280620796, 6312077965
6290898125, 6312139070
6300174060, 6312181570
6310455592, 6312217340
6320386983, 6320843499
6331009437, 6331466351
6340664041, 6372070056
6350934405, 6372122862
6360209956, 6372166407
6370490547, 6372187384
6380350891, 6381104045
6390274823, 6390729940
6400923721, 6432122846
6410197092, 6432175285
6420512969, 6432211583
6430817603, 6432247899
6440410029, 6440865214
6451029027, 6451494692
6460655852, 6492065301
6470956074, 6492107244
6480232844, 6492142185
6490508339, 6492179644
6500345951, 6500811385
6511020244, 6511477370
6520651977, 6552007726
6530932780, 6552057708
6540198545, 6552098027
6550856507, 6552116855
6560315088, 6561300737
6570475059, 6570918883
6581085135, 6611960877
6590365753, 6612012951
6600684112, 6612049811
6610965072, 6612086648
6620249446, 6620690660
6630890656, 6631333746
6640526211, 6672060915
6650826281, 6672112561
6661105048, 6672133363
6670385891, 6672151190
6680319542, 6680764114
6690928305, 6691369759
6700577241, 6732079755
6710882270, 6732132474
6720161537, 6732168479
6730434422, 6732195596
6740366113, 6740810757
6751002464, 6751440459
6760636784, 6792057025
6770914163, 6792116478
6780180183, 6792150620
6790458266, 6792187700
6800283720, 6800740054
6810901848, 6811360459
6820532576, 6852055354
6830841162, 6852104223
6841159120, 6852357434
6850437791, 6852398345
6860571168, 6861035028
6870201321, 6870654019
6880817338, 6912066827
6891095290, 6912128410
6900361342, 6912173037
6910642153, 6912197748
6920361294, 6920816915
6930980216, 6931434657
6940626066, 6972110911
6950946432, 6972170257
6960211187, 6972206770
6970516635, 6972243051
6980440310, 6980898342
6991102704, 6991561670
7000755348, 7032069923
7010223286, 7032128775
7020244116, 7032172669
7030520010, 7032196800
7040399867, 7040854980
7051023584, 7051479690
7060646484, 7092064349
7070949511, 7092124810
7080224208, 7092162121
7090499145, 7092196174
7100363889, 7100822868
7111029775, 7111485612
7120649434, 7152092615
7130923497, 7152148352
7140188327, 7152184033
7150466515, 7152221467
7160385906, 7161049275
7170227916, 7170679983
7180849959, 7212066838
7191147827, 7212124206
7200418892, 7212159973
7210689046, 7212196296
7220366582, 7220820290
7231011122, 7231467860
7240655341, 7272089480
7250929139, 7272148534
7260233955, 7272183370
7270516487, 7272221343
7280417994, 7280872377
7291034092, 7291490093
7300657566, 7332086886
7310960541, 7332151362
7320236433, 7332188451
7330512336, 7332223210
7340423235, 7340878062
7351068078, 7351524727
7360683078, 7392106827
7370956534, 7392149513
7380221055, 7392181261
7390487387, 7392219100
7400415921, 7400876355
7411041884, 7411534351
7420740044, 7452139223
7431073360, 7452194407
7440399949, 7452244745
7450690064, 7452264162
7460438275, 7461277673
7470463549, 7470929896
7481105286, 7512088252
7490668987, 7512151086
7500961845, 7512185244
7510249884, 7512220031
7520391895, 7520861359
7531030651, 7531502868
7540683108, 7572069285
7551016032, 7572122708
7560311736, 7572160981
7570633684, 7572185937
7580346029, 7580816223
7591002406, 7591469925
7600614194, 7632146882
7610895603, 7632199162
7620196435, 7632236229
7630496815, 7632275144
7640473518, 7641264877
7650461783, 7650918060
7661128034, 7692006553
7670409535, 7692056182
7680684793, 7692098336
7690959737, 7692118064
7700278376, 7700733914
7710926425, 7711385247
7720585197, 7752092949
7730871785, 7752156784
7741145274, 7752192194
7750424190, 7752227478
7760398586, 7760853044
7771018294, 7771475907
7780644467, 7812090147
7790943951, 7812143608
7800222020, 7812225329
7810745258, 7812245528
7820419980, 7820874648
7831065896, 7831527137
7840684066, 7872072924
7850949610, 7872131750
7860231541, 7872162511
7870507987, 7872194435
7880369122, 7880832302
7890996716, 7891450685
7900616948, 7935594925
7910914286, 7935668325
7920195789, 7935705697
7930470751, 7935735584
7940904058, 7941363919
7950532662, 7951519509
7960687451, 7992093385
7970992287, 7992146850
7980272545, 7992183955
7990556308, 7992223508
8000392851, 8000847364
8010148657, 8010606084
8020761102, 8052091946
8031068115, 8052148865
8040375287, 8052187340
8050652529, 8052223981
8060384372, 8060836970
8071043145, 8071498765
8080708274, 8112066957
8090990982, 8112116068
8100263653, 8112146335
8110546517, 8112183649
8120349559, 8120808219
8130970503, 8131427894
8140592647, 8172083081
8150884270, 8172145131
8160163901, 8172180991
8170438584, 8172215905
8180382516, 8180839619
8191031570, 8191486367
8200648947, 8232081829
8210931378, 8232139563
8220212630, 8232185749
8230492917, 8232220550
8240391328, 8240861430
8251025723, 8251486250
8260674480, 8292077578
8270151187, 8292138645
8280435555, 8292174228
8290713225, 8292209131
8300380659, 8300842429
8311038451, 8311493486
8320662706, 8352084553
8330939474, 8352140981
8340212623, 8352172144
8350482393, 8352196014
8360366869, 8360822615
8370988271, 8371442999
8380632028, 8412073008
8390909788, 8412126130
8400212129, 8412171157
8410484885, 8412190720
8420370919, 8421950995
8431144946, 8431598461
8440765710, 8472125396
8451048315, 8472179876
8460317771, 8472217541
8470598646, 8472255751
8480426633, 8480880700
8491047903, 8491503385
8500698541, 8532068813
8511008732, 8532128644
8520287243, 8532160606
8530562386, 8532208198
8540379578, 8540765176
8550928262, 8551418446
8560588724, 8592106517
8570865220, 8592165328
8581140139, 8592196889
8590622993, 8592280177
8600449487, 8600904178
8611074398, 8611535294
8620705601, 8652130025
8631008840, 8652188858
8640286474, 8652233398
8650585185, 8652267020
8660477550, 8660946138
8671141988, 8671595638
8680759640, 8712077255
8691038874, 8712126552
8700305606, 8712159659
8710586884, 8712194459
8720362855, 8720820813
8730989649, 8731444524
8740319820, 8772073984
8750603132, 8772127669
8760886147, 8772167615
8770160501, 8772206320
8780372395, 8780829079
8791020281, 8791480628
8800648389, 8832084863
8810970178, 8832143346
8820243733, 8832180956
8830546989, 8832217614
8840392372, 8840874266
8851037359, 8851508604
8860716575, 8892081727
8871040347, 8892153638
8880364150, 8892495413
8890657527, 8892537362
8900749824, 8901217729
8910381180, 8910846889
8921008426, 8951998388
8930311289, 8952046548
8940599622, 8952087809
8950903656, 8952106647
8960311797, 8960781071
8970938199, 8971403926
8980561077, 9012073875
8990844431, 9012134167
9001138668, 9012217845
9010541916, 9012255616
9020428750, 9020897285
9031095381, 9031562837
9040729467, 9072133110
9051016457, 9072185460
9060303729, 9072227702
9070601771, 9072246721
9080416505, 9080884981
9091050236, 9091524057
9100685257, 9132097745
9110975895, 9132157866
9120271387, 9132193225
9130568563, 9132229301
9140394917, 9140875330
9151069983, 9151536885
9160701102, 9192088062
9171015365, 9192154875
9180348427, 9192190184
9190646051, 9192235519
9200416066, 9201181350
9210350433, 9210816696
9220982384, 9256136833
9230277495, 9256185421
9240576147, 9256207526
9250870779, 9256501220
9260682455, 9261145651
9270333829, 9270799726
9280963592, 9312138223
9290250464, 9312193694
9300543030, 9312229635
9310825190, 9312267827
9320466954, 9320932469
9331096594, 9331561985
9340724899, 9372012822
9351011541, 9372061450
9360291853, 9372102552
9370586839, 9372121412
9380281590, 9380739235
9390907589, 9391364933
9400558201, 9432097701
9410842115, 9432160808
9421117285, 9432195521
9430392716, 9432231862
9440409085, 9440861673
9451026063, 9451507686
9460712096, 9492059970
9471007597, 9492119019
9480308326, 9492163359
9490587058, 9492187386
9500358431, 9500818652
9511025931, 9511483490
9520650151, 9552080320
9530163351, 9552134196
9540439592, 9552170420
9550720699, 9552206740
9560378465, 9560835138
9571002013, 9571458137
9580627097, 9612075022
9590909458, 9612130930
9600178203, 9612167680
9610442836, 9612203393
9620409213, 9620884215
9631046784, 9631497215
9640668946, 9672102669
9650948483, 9672157143
9660252374, 9672200288
9670530068, 9672225277
9680404224, 9681173193
9690336209, 9690779337
9700941155, 9732083837
9710217375, 9732135888
9720494566, 9732172183
9730773642, 9732199963
9740374755, 9740812185
9750984154, 9751419890
9760586509, 9792056190
9770869223, 9792110510
9781151911, 9792146268
9790424734, 9792175043
9800346308, 9800787914
9810956813, 9811398477
9820564229, 9852056333
9830851384, 9852137666
9841132579, 9852174755
9850654748, 9852208876
9860365121, 9860802412
9870969501, 9871407170
9880579677, 9912094315
9890857374, 9912151098
9901133278, 9912184886
9910408425, 9912212001
9920383422, 9920824461
9930994702, 9931432745
9940593457, 9972089127
9950872205, 9972188919
9961148293, 9972211537
9970410715, 9972230544
9980395732, 9980833695
