sent, rec
2131, 1085356177
3395962, 1085162032
5830413, 1085318395
8278241, 1085076933
10655179, 1087975572
13088358, 1086225115
15514642, 1087536832
17943711, 1088093382
20246842, 1087876690
23575604, 1088016067
26004281, 1085099829
28480064, 1085447433
30839191, 1085373233
33182440, 1084796641
35610948, 1085203328
38057054, 1085337852
40487507, 1087710076
42815996, 1087426858
46085493, 1087404313
48398833, 1088034757
50690560, 1087512394
53010520, 1085017569
55262472, 1087997458
58463471, 1086555981
60775492, 1085742472
63014876, 1085612043
65300683, 1086616209
68628834, 1086131185
70869983, 1087795019
73130235, 1087383155
75372443, 1085469747
77642290, 1085390475
80952223, 1086335678
83246746, 1088073756
85505217, 1084856076
87829475, 1085141801
90138019, 1087688134
93465198, 1087558219
95775231, 1087646326
98093503, 1085570802
100443389, 1088183893
102704169, 1086500182
106022223, 1086379483
108345090, 1085707197
110604008, 1087896584
112930035, 1087857445
115895385, 1085279099
118137983, 1087915682
120454571, 1085222303
122711026, 1085299261
126018113, 1088161551
128351108, 1084936950
130603198, 1087470285
132923705, 1087356660
135261250, 1087753140
138463449, 1087816032
140776113, 1085550549
143019795, 1085120472
145458635, 1085760056
147773415, 1087581146
151036946, 1087491817
153354897, 1085592818
155671456, 1087730873
157985079, 1085488818
160314754, 1085050945
162838820, 1087936292
166117736, 1087957151
168499293, 1087602855
170869288, 1088114827
173150244, 1087624272
175407142, 1085259095
177673130, 1088053312
180989714, 1085651741
183312452, 1085182742
185577202, 1085670701
187890797, 1086305855
190139291, 1084972993
193457809, 1087329149
195770603, 1085634077
198091437, 1086186450
200442228, 1085427746
202704116, 1086264337
206024084, 1085725357
208347635, 1086590633
210606262, 1088141980
212502050, 1085408916
215747889, 1087773421
218105563, 1087447611
220426662, 1086421065
222683950, 1085689768
225998825, 1086639183
228324560, 1085240315
230593163, 1086458296
232907937, 1087666852
235205065, 1087835299
238407895, 1255114874
240768957, 1253431088
243015502, 1252325282
245264961, 1255020322
248580769, 1252078377
250870734, 1254844345
253133098, 1253123019
255521113, 1253189739
257842575, 1255477009
260077516, 1253367799
263269288, 1254944236
265590529, 1252366495
267903406, 1255405594
270177273, 1254999856
273504730, 1253056044
275825274, 1253034092
278139211, 1252575795
280456139, 1255332023
282715555, 1255389258
286033828, 1252499929
288362093, 1252198806
290617722, 1255227127
292978213, 1253345148
295226128, 1253300619
298434288, 1255351674
300759780, 1253256180
303003989, 1252532433
305260403, 1252914933
308579283, 1255515843
310840095, 1252896459
313118280, 1255040159
315377341, 1252936156
317636519, 1254886837
320957222, 1252411942
323365374, 1253212385
325622752, 1255440339
328010590, 1253453428
330274677, 1252976148
333592136, 1255271357
335906860, 1255313272
338137975, 1252858786
340451092, 1255370622
342711605, 1254925478
346028018, 1253077323
348358670, 1253145392
350624043, 1252782430
352941785, 1255458816
355933720, 1252456751
358137598, 1255151826
360451982, 1255293910
362714034, 1253409628
366037832, 1253100661
368418393, 1253276752
370678905, 1253474135
372988086, 1254823017
375256866, 1252955159
378452774, 1252839324
380772952, 1252816379
383086352, 1252698333
385345390, 1252658266
391045920, 1254785627
391160964, 1255096456
393449089, 1252616072
395764395, 1252241478
398083505, 1255059640
400397703, 1254906095
402703392, 1255076835
406027984, 1255422776
408370058, 1253321295
410670584, 1255533557
413028001, 1254962230
415283856, 1252876636
418485823, 1255188839
420809874, 1253494093
423064195, 1253233338
425330619, 1253166133
427650439, 1252135003
430925107, 1252740186
433241089, 1253010287
435560125, 1254865802
437913266, 1255132517
440260402, 1252282561
443575074, 1254980689
445898741, 1253389412
448242505, 1255207859
450582454, 1255170750
453493429, 1255496085
455748045, 1397919229
458073641, 1400061031
460386551, 1399416902
462644645, 1399470331
465960764, 1399918250
468352179, 1399808943
470678506, 1399955223
472993777, 1399565188
475288228, 1398179470
478497275, 1397685640
480824475, 1397445041
483066259, 1397962613
485324592, 1397814332
487641506, 1399450569
490907700, 1398139949
493231250, 1399827211
495557161, 1399861219
497869329, 1398161558
500299100, 1397732229
503617680, 1399397485
505946832, 1400027385
508276451, 1398122234
510587351, 1399879765
512909400, 1397753406
515163474, 1399972060
518364413, 1397896778
520685803, 1399509487
523005313, 1399897638
525268438, 1397793631
528589542, 1399528073
530885434, 1397981902
533159845, 1398045593
535479486, 1399668198
537796256, 1399330930
541124060, 1399708378
543388570, 1399649420
545676914, 1397649167
547803525, 1397940417
551002788, 1397875876
553312474, 1399750281
555708127, 1398004626
558016982, 1399628388
560344579, 1399490617
562600281, 1400009242
565920425, 1399689601
568257075, 1400097196
570547160, 1397560193
572869296, 1399936557
575154086, 1399582909
578351461, 1397710975
580669039, 1399991554
582924573, 1400044203
585180111, 1399356803
588507356, 1399769494
590768975, 1399730955
593088484, 1397854779
595331968, 1397388178
598470695, 1400132624
600751601, 1400149978
603002911, 1399788140
605228223, 1398082482
608517717, 1397774540
610743923, 1398025888
613024420, 1399546538
615245554, 1399844167
618415674, 1398102432
620703246, 1397834535
622919217, 1397514131
625150844, 1400115010
628443719, 1399376467
630667600, 1399433200
632947191, 1397604732
635160420, 1398199725
638325288, 1400078871
640607217, 1570586705
643163650, 1572998824
645543811, 1572218006
647755087, 1573201098
650979304, 1572521283
653265372, 1572700013
655549025, 1572921943
657831766, 1572544666
661119072, 1572761142
663501909, 1572197402
665784699, 1572456917
668066339, 1572236694
670361301, 1572741188
672650167, 1572862445
676021420, 1573237678
678249848, 1572331958
680538256, 1572134504
682768859, 1570562843
686096033, 1570412400
688413128, 1572115996
690644004, 1573257933
692912110, 1572274621
696130498, 1572720940
698357457, 1573058645
700639746, 1572368136
702898247, 1572097012
706137872, 1572609119
708462822, 1570274818
710727560, 1572822022
713045990, 1573076385
715262995, 1572350112
718433600, 1570493027
720767148, 1572587391
722985208, 1570365786
725218119, 1573276214
728495503, 1570518785
730720432, 1572035470
733005689, 1573039915
735224744, 1573019754
738438357, 1570673219
740763278, 1572005371
742984063, 1570715951
745210169, 1570540500
748492602, 1572631178
750715987, 1570194761
752993321, 1572940516
755208536, 1572903708
758381208, 1572421354
760716808, 1570607863
762938010, 1570134666
765167191, 1573295317
768449965, 1572959101
770676808, 1572058297
772957410, 1572978378
775168550, 1572177649
778333536, 1570630482
780617105, 1573151515
782832750, 1570652388
786067045, 1572153929
787637980, 1573097544
790842272, 1572403958
793244042, 1572677734
795623386, 1573219388
797949164, 1570695993
800340834, 1570322194
802605916, 1570456747
805923246, 1572883410
808263314, 1572565738
810531507, 1573132562
812854165, 1572802859
815098818, 1572842811
818296654, 1572077683
827798545, 1572782850
827904635, 1572438727
828008108, 1572656232
828101858, 1572385500
830283885, 1573115018
833536372, 1573170794
835794283, 1572312993
838056276, 1572477061
840319019, 1572293934
842680574, 1572256019
845983700, 1832846805
848340478, 1832458018
850619214, 1832357643
852943740, 1832337011
855198600, 1833268297
858403460, 1833761160
860759118, 1832290681
863055669, 1831875573
865307109, 1833651180
868626727, 1831963503
870915443, 1831701622
873177177, 1833289244
875488372, 1833371832
877801551, 1833532995
881123713, 1832217750
883385643, 1832436879
885141285, 1833723241
888385735, 1833392647
890720236, 1833223469
893031769, 1833554487
895321639, 1832140212
898524203, 1832236732
900852060, 1833106897
903100196, 1832930435
905367479, 1832500227
907687255, 1833705275
911012105, 1833007298
913345369, 1832519284
915666969, 1832727380
918025418, 1832006763
920357611, 1833330325
922620373, 1833174605
925936734, 1831755026
928292504, 1833351960
930549902, 1832687841
932876956, 1833127644
935181846, 1833817632
938383407, 1832120848
940704095, 1832272063
942958993, 1832557033
945226637, 1833150849
948561819, 1833593211
950940264, 1832615699
953201532, 1833742961
955550200, 1833800095
957862133, 1832178526
960270892, 1833037457
963592527, 1833669775
965928901, 1833472384
968269281, 1833452987
970532465, 1833631021
972904593, 1833512306
975221277, 1832594924
978440500, 1832888596
980766762, 1832479511
982686792, 1833057448
985934023, 1833686727
988274677, 1833869868
990533066, 1832807017
992899938, 1833492922
995197119, 1832537312
998403401, 1832768464
1000727087, 1832576432
1002987990, 1831920321
1005257350, 1833572562
1008583118, 1832082950
1010872191, 1832254780
1013149478, 1833309954
1015401712, 1831831277
1017692244, 1832636218
1021016937, 1832307971
1023272942, 1833852293
1025539690, 1833247227
1027853779, 1832041339
1030841728, 1833780419
1033072331, 1833433090
1035290652, 1832377615
1038502218, 1833835161
1040789892, 1833075350
1043038603, 1832416416
1045267257, 1833194983
1048631194, 1832160293
1050854353, 1832102598
1053084280, 1832063366
1055299876, 1833412321
1058470130, 1832969828
1060752622, 1832199154
1062970913, 1832396522
1065196961, 1833611954
1068514800, 2022277303
1070776790, 2022228311
1073061993, 2022136265
1075278416, 2022115494
1077743906, 2020617561
1080971181, 2022242996
1083184237, 2022017251
1085793258, 2020691063
1088210196, 2022167775
1090389329, 2021985846
1092670833, 2020751633
1095991243, 2020768116
1098221676, 2020454987
1100503549, 2022292247
1102767164, 2022198502
1106061166, 2020631969
1110121952, 2020162194
1110215223, 2020355363
1113194104, 2020438371
1126235089, 2020555246
1126314468, 2020197060
1126366495, 2020587855
1126416875, 2020335346
1126464941, 2020115856
1127582615, 2020507220
1130713487, 2020523599
1132951886, 2020570008
1135127548, 2020646045
1138282326, 2020373880
1140559519, 2021966086
1142770330, 2022001722
1146040819, 2020269862
1148417225, 2022032123
1150604252, 2020422016
1152944010, 2020232886
1155194096, 2022094963
1158400072, 2020800653
1160789420, 2022213862
1163041951, 2022258036
1165293786, 2020833226
1168626495, 2020305451
1170886579, 2020537356
1173150949, 2020869728
1175578941, 2020732198
1177897924, 2020405995
1180226008, 2020675447
1183538891, 2022184801
1185857459, 2020069672
1188157095, 2020661011
1190378226, 2022306482
1194177452, 2020852483
1195347937, 2020474004
1198557794, 2022152319
1200874306, 2020817347
1203086950, 2020784026
1205307529, 2020603150
1208590094, 2020490326
1210857497, 2020389439
1213094644, 2219175996
1215320205, 2216367893
1218495179, 2216823786
1220801006, 2215954774
1223016084, 2219284505
1225235757, 2216730570
1228518881, 2216094409
1230747508, 2216067937
1233029294, 2217263895
1235247768, 2216409386
1238130036, 2217435444
1240365201, 2219414250
1242588446, 2216239718
1245868543, 2219369505
1248158537, 2219326556
1250382042, 2219094497
1255565798, 2216450375
1255685790, 2216943401
1259659392, 2216177796
1260829952, 2217193898
1262979006, 2219244218
1265198730, 2219518468
1268495312, 2219072002
1270721022, 2218935865
1272820348, 2217080781
1286764247, 2216260847
1286859272, 2216346237
1286910769, 2216323998
1286953405, 2219579926
1286999412, 2217457863
1288113957, 2216137926
1290235193, 2216389506
1293459841, 2216158457
1295693043, 2217312066
1297952081, 2219644146
1300220667, 2219025408
1303423268, 2219156175
1305701379, 2216430733
1307983977, 2217414243
1310203174, 2219115001
1313483686, 2217477728
1315770563, 2217238985
1318131450, 2219348014
1320415098, 2219194937
1322700938, 2217126041
1326065533, 2219304042
1328381282, 2219440084
1330608905, 2219480308
1332886367, 2216115156
1335094571, 2219134598
1338255600, 2216198879
1340535830, 2218914056
1342763030, 2216217946
1346083121, 2219624649
1348366417, 2217216384
1350591633, 2217367735
1352888609, 2216300725
1355101953, 2218956359
1358269268, 2216905406
1360554658, 2219500061
1362787231, 2217499235
1366072567, 2219604407
1368355338, 2217598489
1370582468, 2217390651
1372866803, 2217037385
1375114297, 2218885080
1378282475, 2217287764
1380563268, 2217542701
1382788567, 2219390785
1386075286, 2219460373
1388394697, 2216865922
1390619060, 2216980835
1392939437, 2219538471
1395083389, 2219265037
1400194345, 2219559542
1400310170, 2219000233
1403606833, 2217166850
1405489458, 2219049309
1408993571, 2217521294
1410163442, 2217574405
1413385050, 2216028154
1415680247, 2216785442
1417960907, 2217342852
1420262677, 2218978223
1423560520, 2370467418
1425259953, 2370745568
1428501462, 2373749632
1430723242, 2371028080
1433041691, 2373904452
1435257067, 2373278559
1438428115, 2370980390
1440717679, 2373952229
1442933879, 2370804560
1445165344, 2371241059
1448450111, 2373792623
1450688480, 2373624703
1452974364, 2373247793
1455196542, 2373842504
1458367248, 2371288354
1460655450, 2373347291
1466034242, 2370842132
1466190284, 2373540480
1467589923, 2373666990
1470758127, 2373563092
1473039846, 2373646450
1475254634, 2373730279
1478428006, 2371004098
1480709049, 2370862041
1482987679, 2373603434
1485185078, 2370723417
1488405622, 2370701597
1490634391, 2371050805
1492954359, 2373433520
1495175121, 2373322696
1498385129, 2373582860
1500727600, 2373499554
1503012209, 2370883227
1505233697, 2371216910
1508518370, 2370677689
1510748173, 2373476509
1513026807, 2373708014
1515247210, 2373369415
1518469792, 2373883474
1520772090, 2373301249
1522990939, 2370507202
1525247949, 2373863123
1528534862, 2371074270
1530759467, 2373819068
1545670411, 2373389988
1545878679, 2370903518
1545952389, 2373520176
1546016978, 2371099214
1546093449, 2371169158
1546165692, 2370822536
1548375466, 2370785054
1550568850, 2373686082
1552814705, 2373923863
1556061442, 2371121707
1558290188, 2370765464
1560575963, 2370558302
1562792061, 2370601834
1566020734, 2371265007
1568318917, 2373411915
1573328055, 2370644351
1573438074, 2373771588
1575655445, 2373455588
1577997343, 2371192771
1580348098, 2371145499
1583631683, 2716150541
1585956445, 2716560930
1588269939, 2715517808
1590532570, 2715109521
1593355277, 2715588578
1595587129, 2716460464
1597864922, 2715297738
1600144493, 2715679393
1603368677, 2716084053
1605649778, 2716682792
1607937767, 2715541125
1610139219, 2715403916
1613499601, 2715206627
1615786774, 2715845527
1618070640, 2716204900
1620350684, 2715428307
1623629762, 2716258081
1626077074, 2716706195
1628318241, 2715633142
1632855214, 2715655737
1632957344, 2716350371
1635098461, 2715498328
1638254117, 2715162000
1640541267, 2714935673
1642797682, 2715895582
1645356522, 2716178257
1649213071, 2715564871
1650412522, 2716621052
1653632572, 2715789974
1655924511, 2715451507
1658135586, 2716282563
1660456621, 2715942475
1662684760, 2715253400
1665987447, 2715701477
1668325996, 2716641968
1670556729, 2715073008
1672880254, 2716105699
1675096832, 2716397991
1678269819, 2715987816
1680592144, 2716128435
1682811662, 2716374574
1686042814, 2715742291
1688355269, 2716305799
1690579871, 2715380842
1692917554, 2716437821
1695137580, 2716581621
1698305643, 2716539452
1700599929, 2715474209
1702861494, 2716325784
1706103506, 2716232157
1708417974, 2716011184
1710648441, 2715722280
1712935136, 2715608157
1715199973, 2715965297
1718412331, 2715817192
1720737508, 2716520786
1722959182, 2715332607
1725191733, 2716059692
1727856873, 2714994245
1730139695, 2716501246
1733423880, 2715917827
1735709131, 2716419229
1738033225, 2716660935
1740328384, 2715358308
1743614261, 2716481357
1745935773, 2715870559
1748239255, 2716034320
1750462775, 2716600507
1752847096, 2716726406
1755073021, 2991002553
1758282337, 2990503111
1760575818, 2994169376
1762835171, 2994129907
1766076569, 2991069969
1768372220, 2990437933
1770606019, 2991114037
1772896601, 2991895857
1785029283, 2991520384
1785141700, 2990979608
1785207397, 2991602905
1785275912, 2990528152
1785341445, 2991783165
1788571195, 2991134737
1790782823, 2991821526
1793018066, 2991702103
1795242105, 2990804690
1798414232, 2991499563
1800734384, 2991624810
1802950443, 2992015084
1805176663, 2991684779
1808458066, 2994189622
1810684347, 2990634809
1812968027, 2991934091
1815254639, 2990739652
1818452523, 2991741455
1820740541, 2988528278
1823027252, 2991347910
1825479573, 2991839177
1827722561, 2991221015
1830956344, 2994108150
1833897373, 2990549554
1837403153, 2993994251
1837503592, 2994034329
1840714318, 2990954196
1842934649, 2988480950
1845167198, 2988618808
1850802768, 2994086940
1850903555, 2990762556
1853116164, 2990888016
1855718658, 2991479153
1857984872, 2991026703
1860327318, 2990844098
1863617784, 2991436591
1865941141, 2994063785
1868269804, 2990784131
1870508848, 2988571645
1875933419, 2991305010
1876044798, 2991200051
1878196962, 2994149542
1880518998, 2991090920
1882746900, 2994208565
1886043257, 2991392685
1888380537, 2988425113
1890608123, 2991561803
1892894284, 2991665048
1895113367, 2990570670
1898280055, 2990591760
1900620698, 2991974274
1902846482, 2991859579
1906110168, 2990719423
1908396835, 2991325225
1910625319, 2991801565
1912912575, 2991284126
1915132154, 2991455974
1918301015, 2990863986
1920595058, 2991721525
1922852960, 2991179260
1926086424, 2990676750
1928381142, 2991955923
1930648207, 2990656496
1932937210, 2991762335
1935186620, 2990698373
1938355611, 2991414824
1940642682, 2991157926
1942898293, 2991049238
1946143689, 2993968251
1948472612, 2990826088
1950737796, 2990614213
1953443813, 2991263091
1955670431, 2994227532
1957957819, 2991994437
1960251759, 2991644753
1963535339, 2991540155
1965815844, 2991369796
1968100308, 2994013564
1970327690, 2991876905
1973614059, 2991242263
1975902146, 2991581091
1978137651, 3240518365
1980471391, 3240645454
1982704261, 3238813749
1986024373, 3240459671
1988331452, 3239939601
1990628053, 3240498346
1992915573, 3239608525
1995172621, 3240232874
1998344870, 3239457487
2011181404, 3240416012
2011274857, 3240583097
2011346052, 3239051916
2011414930, 3240319546
2011496650, 3239272251
2012659151, 3239184448
2015864920, 3240003685
2018122319, 3240605260
2022338267, 3240065894
2023278054, 3239293570
2025520392, 3240368540
2027800251, 3240690004
2031027779, 3239478672
2033319011, 3240538071
2035533314, 3238865579
2037581344, 3239849725
2040813089, 3239880006
2043027914, 3239973761
2045262970, 3239435004
2048547381, 3240625831
2050767699, 3240829351
2053048509, 3239540925
2055270977, 3240438710
2058441562, 3239660762
2061015292, 3240712904
2063244516, 3240128314
2065518297, 3239499778
2067805316, 3239143207
2071034119, 3239729722
2073320144, 3240806533
2075598205, 3240864293
2077948782, 3239249234
2080246154, 3240203071
2083471227, 3238959351
2085753322, 3239222545
2088040206, 3239588311
2090265266, 3239562733
2093543333, 3239411914
2095825420, 3240670779
2098122074, 3239520726
2100407912, 3240394874
2102642295, 3240738614
2105924272, 3239344919
2108193332, 3240761027
2110360123, 3240479458
2112645965, 3240346428
2115926211, 3240097799
2118201474, 3239005438
2120504896, 3240290539
2122734607, 3240034412
2126065399, 3239388400
2128352774, 3240782891
2130578399, 3240259809
2132860789, 3240560516
2135070188, 3239912584
2138243496, 3239816183
2140533654, 3239317197
2142792620, 3239098231
2146027806, 3239782206
2148332989, 3239699337
2150560583, 3240162117
2152847115, 3240889639
2155686838, 3239366040
2157914001, 3240921604
2160207841, 3580498073
2163525703, 3580654256
2165811524, 3581041863
2168091756, 3581782675
2170319743, 3587243902
2172646596, 3581109745
2175936030, 3587495328
2178137755, 3581552335
2180422159, 3580938982
2182648297, 3581222985
2185942976, 3580846696
2188291728, 3587178520
2190519956, 3581621220
2192802600, 3580603565
2196087918, 3581479180
2198314090, 3581131244
2200599582, 3580748760
2202823041, 3581065016
2206077207, 3580373716
2208372634, 3581021311
2210598175, 3581599163
2212880962, 3581872725
2215100575, 3581242245
2219670819, 3587131403
2220844287, 3581455793
2222625039, 3581576450
2235307345, 3581644280
2235434701, 3580447960
2235517101, 3587383580
2235576715, 3587155983
2235631645, 3581739078
2239259862, 3580978018
2240399104, 3587421349
2243567330, 3580868077
2245813137, 3581852897
2248032604, 3580726471
2250991446, 3587263280
2253186471, 3580999731
2255366571, 3587403355
2258519824, 3587304657
2260799080, 3587366398
2263049710, 3587083496
2265279484, 3580580094
2268560106, 3581716587
2270788186, 3581177591
2273141670, 3581892825
2275360574, 3587284975
2278565720, 3581937803
2280851949, 3581830584
2283103010, 3581263161
2285330425, 3581360619
2288613482, 3587324789
2290838316, 3581693094
2293097371, 3581916791
2295315279, 3580890949
2298277941, 3581153486
2300499572, 3581806718
2302724447, 3580631128
2306062236, 3581336336
2308344954, 3587221494
2310571836, 3580700863
2312890964, 3581087912
2315107232, 3587458506
2318279437, 3587346273
2320580205, 3580300413
2322794575, 3580917233
2326068236, 3581385552
2328392669, 3581668708
2330620559, 3581201359
2332907767, 3581505534
2335199223, 3580345423
2338372113, 3580821088
2340660811, 3580529266
2342877023, 3581312265
2345127971, 3580791215
2348358503, 3580421163
2350591957, 3580769604
2352876678, 3587200468
2355090354, 3581529346
2358253962, 3581283204
2360544366, 3581761060
2362771608, 3580555580
2366074702, 3587476558
2368360063, 3580397691
2370186887, 3580473140
2373990807, 3587438194
2375222068, 3580959327
2378385917, 3580677049
2380683380, 4045049552
2382949679, 4045004660
2385184658, 4044249780
2388522569, 4045019660
2390770640, 4044958913
2393094149, 4045178664
2395251924, 4045434481
2398421682, 4044973512
2400718686, 4044605036
2403843648, 4044642766
2406117113, 4045389224
2408400321, 4044988460
2410722284, 4044349035
2412944078, 4044056186
2415155642, 4044803097
2418320471, 4044617709
2420611823, 4044915691
2422824946, 4044773278
2426105557, 4045034902
2428036836, 4044084838
2442915097, 4045275271
2443026257, 4044434767
2443075035, 4045217583
2443121541, 4044183368
2443166395, 4030125811
2443210050, 4044378168
2445410497, 4044504355
2447637909, 4044929237
2450837270, 4045420490
2453074978, 4044667652
2455270062, 4045063992
2458425790, 4044900707
2460688329, 4044463950
2462887851, 4045164376
2465166383, 4044123723
2468516197, 4044574980
2471082771, 4044405598
2473320230, 4045402364
2475603863, 4044629930
2477885848, 4044530593
2480170210, 4045191851
2483403281, 4044393141
2485686701, 4044818299
2487968205, 4044217091
2490232362, 4045204191
2493553560, 4044515791
2495847396, 4045329929
2498134005, 4044475742
2500422837, 4044694496
2502650844, 4045114637
2505939199, 4045286705
2508314691, 4044313808
2510583180, 4044788302
2512887771, 4044298701
2515104621, 4030256937
2518270091, 4044545650
2520602154, 4044449923
2522834698, 4044282751
2526071095, 4044364085
2528407266, 4044850193
2530635641, 4045449300
2533028949, 4044681691
2535174432, 4044757904
2538347444, 4044233235
2540636644, 4044105880
2542851429, 4045375649
2545176720, 4045149066
2548523757, 4044944718
2550780418, 4045317607
2553036375, 4044561824
2555335343, 4044884458
2558562728, 4030060540
2560919004, 4044834171
2563230792, 4044420923
2565502249, 4045300828
2567838581, 4030215088
2570138638, 4044740379
2573454924, 4045262139
2575780044, 4045360984
2578111791, 4044722935
2581693910, 4045245516
2582859946, 4045231286
2586087701, 4044167238
2588374914, 4044656197
2590599199, 4044266968
2592884631, 4044491832
2595098721, 4044867842
2598269816, 4044144240
2600553557, 4045132765
2602779432, 4044332119
2606074424, 4045081149
2608402008, 4045464899
2610637836, 4045099019
2612922038, 4044589594
2615140167, 4044200804
2618305850, 4045345532
2620597021, 4451510031
2622873734, 4449468376
2626111054, 4451446617
2628483806, 4451662393
2630654922, 4449917179
2632935333, 4451374168
2635147756, 4450161700
2638312041, 4451624557
2640632821, 4449117375
2642853133, 4449949002
2646085352, 4450022648
2648371147, 4449370761
2650592890, 4449384455
2652873566, 4451610742
2655088272, 4448977736
2658255895, 4451311259
2660556029, 4449497632
2662820389, 4434146001
2666067168, 4451144609
2668346771, 4451918946
2670570878, 4449101321
2672856450, 4449313080
2675069536, 4449932394
2678259628, 4451264830
2680478752, 4449218610
2682794695, 4449357627
2686026694, 4451235282
2688337163, 4449871772
2690571532, 4451835468
2692859368, 4451582600
2695079382, 4449706158
2698249714, 4451782274
2700552433, 4449784142
2702786389, 4448901199
2706080065, 4451462903
2708370675, 4450190302
2710599982, 4449812862
2712885671, 4449482817
2716758929, 4448920067
2717934326, 4449737409
2720150758, 4450123384
2723903436, 4433791469
2735698892, 4451691239
2735811691, 4451492780
2735872003, 4449593317
2735921924, 4449798346
2735968474, 4451428097
2738516943, 4450107561
2740705481, 4449296677
2742876976, 4433750854
2746075605, 4451902299
2748339581, 4451091836
2750543753, 4449249676
2752800172, 4449024994
2757513844, 4449084956
2757595398, 4451596149
2760815789, 4451027131
2763030471, 4451191793
2765260094, 4451011406
2767650724, 4449187746
2770880606, 4449843864
2773227743, 4449173682
2775555249, 4451553386
2777841853, 4449964462
2781128143, 4451846849
2783351397, 4449201965
2785581522, 4451205485
2787865496, 4449886629
2790135696, 4451674176
2793414847, 4449510010
2795756491, 4451159061
2798088158, 4449054586
2800371015, 4450093847
2802877358, 4451356970
2806228294, 4449829101
2808543665, 4449159835
2810835662, 4450994021
2813142994, 4449343950
2815493786, 4451402421
2817872532, 4451249719
2820247153, 4433700161
2823564647, 4449856987
2825885112, 4451636652
2828215789, 4433920890
2830480875, 4451076553
2832797581, 4451060156
2836133972, 4449145961
2838395008, 4451388406
2840709833, 4449534606
2843014649, 4451220050
2845283681, 4451415811
2848613078, 4433834526
2850906260, 4450149449
2853179637, 4449329398
2855507273, 4450228808
2857831736, 4450203276
2860154505, 4451524246
2863427934, 4449068927
2865808362, 4449522596
2868161146, 4450242069
2870424506, 4433960509
2872783950, 4451738601
2876110953, 4449397170
2878368865, 4449038856
2880689847, 4451769576
2882937967, 4448958371
2885202471, 4449264421
2888515244, 4449578478
2890783744, 4449450068
2893163747, 4448992485
2895543419, 4451859526
2897901992, 4450968905
2900848488, 4450136512
2903036607, 4450008062
2905274799, 4450038352
2908603615, 4449410546
2910850617, 4448937865
2913196951, 4448871631
2915516561, 4449672971
2917891883, 4449721638
2920229999, 4449132162
2923602218, 4433880110
2925935080, 4449977400
2928266363, 4451888104
2930533836, 4451568148
2932851853, 4451175729
2935107742, 4451649072
2938351429, 4451795672
2940677112, 4451708386
2942921535, 4449642885
2945202505, 4449754759
2947594931, 4451809685
2950757750, 4449609183
2953044876, 4451755578
2955268109, 4450216875
2958442592, 4451873027
2960727661, 4449993030
2962981858, 4434063565
2965214860, 4451479105
2968498459, 4449437157
2970760125, 4451044304
2973048284, 4449625767
2975263714, 4449011178
2978437224, 4451127256
2980726577, 4449423862
2982940049, 4449768828
2985173069, 4451295813
2988119623, 4449233359
2994261740, 4451341054
2994361210, 4449546812
2995505682, 4451279574
2997720780, 4451723143
3001004084, 4449659052
3003222012, 4449901497
3005450438, 4434002550
3007815466, 4450061804
3011048302, 4450078650
3013344799, 4451538784
3015629961, 4451109674
3017912303, 4449688400
3020211529, 4450177347
3023439367, 4449281638
3027710057, 4450254900
3027811543, 4451823492
3030938090, 4451326996
3033197804, 4884925744
3035492486, 4868225425
3038136221, 4884538995
3040421376, 4868591292
3042689441, 4884498856
3045974376, 4884804378
3048333214, 4884886375
3050558577, 4884667570
3052841734, 4884358751
3056126278, 4884144366
3058350231, 4868382333
3060634710, 4868446193
3062852357, 4884372625
3066128976, 4884211922
3068414778, 4868614698
3070644424, 4884329866
3072933932, 4868488808
3075212178, 4884196638
3078387879, 4868422856
3080671568, 4884605868
3082930789, 4884552587
3085162194, 4884164862
3088447980, 4884656210
3090740793, 4884315347
3093028195, 4868636906
3095250871, 4884578310
3098424174, 4884512347
3100721046, 4884256685
3102950099, 4868684380
3107478631, 4884680492
3107649650, 4884747975
3121200392, 4884285894
3121300279, 4868122863
3121347411, 4884775428
3121400306, 4884967480
3121446566, 4884472231
3123618782, 4868296847
3125492670, 4868024821
3127686706, 4884913688
3130865691, 4884734838
3133127709, 4868340254
3135324501, 4884954581
3138475695, 4884565798
3140739368, 4867921397
3142958014, 4884444184
3145183368, 4884939948
3148523024, 4868402927
3150815412, 4868168322
3153053118, 4868361496
3155288952, 4884762788
3158568010, 4884227552
3160905152, 4884817510
3163156911, 4884270566
3165409817, 4884900229
3167737712, 4884400951
3170995386, 4868246436
3175950259, 4884525518
3176111117, 4868201554
3178300512, 4868317853
3180632873, 4868464753
3182921582, 4884459503
3185185630, 4884486673
3188498321, 4884386598
3190763368, 4884869182
3193080910, 4868267847
3195386400, 4868660851
3197653124, 4884694582
3200989572, 4884301452
3203288132, 4884430050
3205552026, 4884643669
3207880560, 4884415682
3210139031, 4868511006
3213458320, 4884632108
3215776682, 4884241676
3218103998, 4868566698
3220427220, 4884181475
3223408722, 4884345298
3225669172, 4868078224
3227991524, 4867974879
3230249252, 4884791076
3233570852, 4884619566
3235895501, 4884590196
3238137241, 5674193620
3240951614, 5673971184
3243153218, 5669705101
3245419345, 5673907524
3247747923, 5668485133
3251008965, 5673751949
3253344037, 5669138103
3255702269, 5668737482
3258025530, 5668924012
3260558149, 5669280792
3262807893, 5675241143
3266082157, 5669542747
3267776323, 5669066548
3270976534, 5674117748
3273298580, 5675113502
3275612548, 5674843949
3277942419, 5673884471
3280270018, 5674336468
3282635763, 5675077860
3285953831, 5673950870
3288305328, 5669114424
3290564371, 5668835293
3292890036, 5669474270
3295134333, 5669429165
3298336237, 5675153986
3300570722, 5674704932
3303842340, 5674264891
3306083924, 5669566352
3308383691, 5669090873
3310611027, 5674580365
3312893789, 5674535074
3315105845, 5674510346
3318267579, 5674785407
3320558820, 5674171272
3322785357, 5668652479
3325515770, 5674764235
3327795002, 5669765535
3331024742, 5669813095
3333357139, 5673728597
3335638696, 5669018610
3337925334, 5668280682
3340228044, 5674239800
3343452956, 5669331466
3347974676, 5673862780
3348073887, 5669859264
3350229716, 5668153734
3353528901, 5669451911
3355817392, 5673836837
3358140221, 5675261887
3360424832, 5667980377
3362653290, 5674143803
3365944800, 5669685453
3368246825, 5674290945
3370472229, 5675134779
3372756499, 5669791493
3377321722, 5675225831
3378534292, 5674363330
3380755156, 5669381970
3382972067, 5674885111
3385203831, 5674460136
3387978991, 5674600124
3390174556, 5669210049
3392536657, 5674663977
3395813131, 5674962160
3398139627, 5674806601
3400424890, 5669356387
3402652601, 5669234731
3405933611, 5668323213
3408235403, 5669161714
3410458313, 5668238165
3412779288, 5674044048
3416070040, 5673788221
3418363814, 5668526300
3420652961, 5674925657
3422871328, 5668444530
3425144272, 5674743486
3428429278, 5669406119
3430694888, 5674386320
3432987780, 5674943930
3435210353, 5668810817
3438381149, 5668031386
3440672270, 5674641582
3443123078, 5669305619
3445343103, 5674979741
3448630005, 5674216470
3450885714, 5675208129
3453148983, 5668947185
3455371592, 5668696602
3458543522, 5669498056
3460830082, 5668365577
3463075512, 5674409463
3465307785, 5668197569
3468606048, 5668607623
3470824147, 5668108938
3473053985, 5675279908
3475283691, 5669659343
3478457355, 5669634253
3480802639, 5669588157
3483025892, 5669259712
3485860561, 5673930280
3488093649, 5668405350
3490356985, 5669041376
3492646566, 5668564253
3495928062, 5668971860
3498137071, 5668993719
3500422955, 5669726670
3502728624, 5675057835
3506020237, 5673811805
3508330056, 5674825062
3510555280, 5675296923
3512839595, 5674313664
3525943660, 5675190686
3526021671, 5668776974
3526083081, 5673692202
3526132417, 5674557329
3526179402, 5669835832
3528368936, 5674683419
3530543881, 5674619774
3532773341, 5669185172
3536005004, 5675097067
3538252275, 5674998360
3540509822, 5669746082
3542710244, 5674862857
3545979193, 5674019765
3548292943, 5673995341
3550520295, 5668875391
3552807219, 5675032911
3556106651, 5675015776
3558331088, 5669518548
3560616230, 5674484721
3562899647, 5674433504
3565148668, 5675174131
3568467327, 5669609924
3570706854, 5674724186
3572991669, 5668899778
3575280158, 6395898838
3578492046, 6396812035
3580040883, 6394195222
3587525351, 6394130097
3587629675, 6393628278
3587699169, 6397688666
3590851053, 6394110980
3593137837, 6392090688
3595368045, 6393745298
3598539725, 6392743998
3600872316, 6394216545
3603092513, 6397133258
3605325967, 6392350308
3608611590, 6396468905
3610827980, 6396893437
3613056315, 6392836785
3615275159, 6394153689
3617588742, 6396368874
3620852780, 6396505886
3623069549, 6393597877
3625290117, 6392717508
3629460019, 6392945371
3630678470, 6391857768
3634117941, 6393507979
3635321957, 6391529708
3638503744, 6392811119
3640883006, 6391984254
3643133092, 6391403238
3645383211, 6396725006
3647704589, 6392380923
3650969490, 6396104248
3653311881, 6396448210
3655638435, 6392906150
3657964476, 6396487928
3660314265, 6394065495
3662621897, 6397150594
3665957696, 6391273406
3667922663, 6396078108
3670180107, 6397651377
3673460106, 6395691931
3675957180, 6392574068
3678196693, 6391820811
3680481867, 6396989019
3682706606, 6393057905
3685992106, 6396790449
3688292646, 6394236437
3690519781, 6393311131
3692841680, 6392625526
3696129723, 6395819569
3698357342, 6392600503
3700655304, 6397096263
3704481134, 6392510446
3705683011, 6393661084
3707902507, 6395611700
3710139321, 6396745426
3713415842, 6397481294
3715645579, 6393254869
3717933875, 6391900370
3720237649, 6397670652
3723526418, 6395459192
3725814641, 6395546737
3728139522, 6395672525
3730368654, 6391357907
3732658876, 6396423887
3735976408, 6393164120
3738247555, 6392417697
3740533780, 6395487026
3742761410, 6395568850
3746046181, 6397592085
3748345929, 6396163583
3750610324, 6396251723
3752895386, 6396836569
3755110424, 6393080769
3758276360, 6396770337
3760595426, 6391229779
3762696569, 6391489279
3765923158, 6396016741
3768239657, 6396942911
3770468964, 6393015603
3772758737, 6392966387
3776045177, 6393970396
3778271899, 6395787119
3780648810, 6392989618
3782871309, 6393208997
3786139614, 6396876268
3788425552, 6397013258
3790652074, 6394279535
3792933602, 6393568756
3795147134, 6391571871
3798316638, 6394175765
3800598168, 6392689822
3802813402, 6396545232
3806041491, 6393101518
3808376486, 6397438395
3811458456, 6392862476
3812619926, 6396341416
3815856929, 6393690853
3818161482, 6396394944
3820463959, 6393944001
3822691866, 6393186376
3825972959, 6393998819
3828307290, 6392280390
3830536105, 6396193851
3832818608, 6392234328
3836096798, 6392452217
3838334067, 6391945521
3840616585, 6392657085
3842868815, 6393232571
3846114338, 6397526365
3848401379, 6396663972
3850624103, 6395856660
3852947242, 6396574489
3855163044, 6392782729
3857598554, 6393837272
3860823133, 6393143763
3863077993, 6397548802
3865302542, 6396686678
3867647263, 6397613147
3870874895, 6397632896
3873201863, 6396966028
3875499053, 6395630054
3877783950, 6397034019
3881064904, 6396857298
3883286335, 6394023776
3885551357, 6395589511
3887840375, 6396525529
3891064848, 6397075685
3893349195, 6395652137
3895631436, 6395527645
3897917368, 6392017005
3900215980, 6392123205
3903443185, 6391782066
3905732374, 6392321128
3907580404, 6396132190
3910744620, 6392885118
3913064345, 6393806991
3915283790, 6391653681
3918459708, 6395754836
3920751333, 6393410605
3922964107, 6394089722
3925189891, 6393921045
3928478241, 6393718354
3930710682, 6393122639
3932993774, 6393274151
3935214198, 6397501498
3938388849, 6395925313
3940718322, 6397568753
3942936107, 6396618223
3945171473, 6393039151
3948457530, 6396310874
3950757032, 6397053890
3953042840, 6393893317
3955275526, 6395985617
3958450806, 6391697650
3960739265, 6391305555
3962954300, 6397115518
3965182905, 6396705754
3968512457, 6391613313
3970739249, 6393774131
3973022218, 6395507751
3975240730, 6396222401
3978414558, 6392924747
3980703312, 6392546894
3983009030, 6396913636
3985233999, 6393535998
3988519302, 6392180799
3990742282, 6393372055
3993023968, 6393447168
3995239646, 6395710052
3998423675, 6391739923
4000709854, 6394259590
4003513637, 6397458593
4005763507, 6393479443
4008046385, 6392482183
4010276016, 6396596714
4013561527, 6391446987
4015848113, 6393292150
4018137401, 6395956997
4020416681, 6393865303
4022642553, 6391172684
4025929164, 6393329807
4028238073, 6396282741
4045501233, 6396044511
4045631462, 6396639739
4046471381, 7299869198
4046522696, 7299752577
4046568790, 7297287550
4046613437, 7299507618
4046658094, 7300232672
4052289199, 7300251922
4052359121, 7300160398
4053471300, 7296678823
4055644169, 7299693648
4057887665, 7302818310
4061115459, 7296558396
4063295961, 7299631160
4065495364, 7299226391
4067792277, 7296323328
4071212002, 7296364730
4073423140, 7296841361
4075695391, 7295833240
4078035673, 7299548461
4080374105, 7300586225
4082598441, 7300272453
4085923469, 7300710462
4088262589, 7299461027
4090527743, 7300294565
4092844815, 7299611624
4095109793, 7295879614
4098305645, 7303003742
4100633657, 7295597591
4102893490, 7300478611
4105152701, 7295514700
4108478394, 7295472490
4110740073, 7303045081
4113140012, 7299941931
4115540652, 7299439841
4117868717, 7300728998
4120198574, 7300387365
4126103339, 7299733223
4126203326, 7302796949
4128416394, 7302913740
4130644230, 7299714155
4132926872, 7297008508
4135140947, 7296227694
4138311582, 7299851910
4140604042, 7297163450
4142821099, 7296823315
4146058757, 7295372161
4148387315, 7299175544
4150614762, 7300456491
4152898840, 7296510350
4155117808, 7295797346
4158307851, 7297137432
4160637647, 7296276754
4162869596, 7302891310
4165148304, 7295981074
4168054688, 7296584674
4170223654, 7296033648
4173511529, 7300669108
4175803436, 7296742865
4178093189, 7300645045
4180375006, 7297217611
4182596456, 7295556069
4185880991, 7302740474
4188217596, 7299924929
4190445841, 7299484977
4192766069, 7300541842
4196088693, 7300011868
4198317849, 7302867851
4200596797, 7303125327
4202879466, 7299569792
4206117923, 7303104799
4208415329, 7296633813
4210644445, 7296945045
4212968145, 7296763516
4216167748, 7295426588
4218333577, 7302938466
4220617463, 7299201832
4222831693, 7296659225
4226073928, 7296883031
4228369164, 7299529533
4230600042, 7300565257
4232884521, 7296988153
4235099425, 7295933644
4238263972, 7302610503
4240601046, 7299792330
4242825307, 7297189694
4246086466, 7300319435
4248409510, 7299254309
4250640824, 7297072445
4252921681, 7300105134
4255134105, 7302719249
4258297787, 7302982858
4260585035, 7300072853
4262988364, 7299831693
4265253585, 7300343534
4268574074, 7303063526
4270826581, 7300184745
4273057625, 7303025512
4275277853, 7299812284
4278445473, 7296860414
4280737082, 7296457413
4282955065, 7299307212
4285182664, 7297109122
4288537499, 7296429310
4290766075, 7302691569
4293089301, 7303085009
4295357496, 7296482879
4298532877, 7296087655
4300818130, 7296535723
4303032653, 7299654618
4305254208, 7299280868
4308537685, 7300137159
4310765829, 7300434038
4313960280, 7299957751
4315113590, 7302760479
4318284082, 7300040757
4320570866, 7300748508
4322821562, 7302650705
4326141083, 7299354984
4328439162, 7299886776
4330672562, 7299420113
4332953988, 7296803450
4335212705, 7302670790
4338391380, 7302836576
4340686060, 7296401815
4342903838, 7296609004
4346139029, 7297028605
4348427829, 7300606901
4350656890, 7299131077
4352940381, 7302956899
4355161416, 7296722971
4358332773, 7299590516
4360625109, 7300519095
4362876533, 7299376366
4366114059, 7296963719
4368403142, 7296179739
4370696453, 7299674458
4372984456, 7295679533
4375203314, 7295857048
4378375101, 7299329090
4380661278, 7296924270
4382927211, 7300499157
4385157824, 7302576288
4388476520, 7296701595
4390709808, 7299904379
4392995812, 7297240094
4395258438, 7295638575
4398432315, 7300691727
4400719404, 7300365370
4402935185, 7302631562
4405167419, 7297047943
4407786414, 7299770216
4410947698, 7299398713
4413235120, 7296132233
4415518696, 7300411581
4417801849, 7300626026
4421091267, 7296903039
4423327207, 7300208814
4425561804, 7295749778
4427841970, 7297264668
4430139441, 7302778440
4433400939, 7296783698
4451964320, 8196092607
4452056220, 8194907595
4452105083, 8195637749
4454626179, 8191398660
4454677429, 8191473614
4454722379, 8191072865
4454767564, 8195949108
4454811897, 8196242243
4455934304, 8196502224
4458115536, 8194933839
4460343855, 8189962092
4463558044, 8195295811
4465773360, 8190165697
4473920173, 8190858311
4474036886, 8190317355
4474105165, 8190683315
4475222511, 8190219787
4478390027, 8195582209
4480698785, 8191092956
4482882072, 8195336805
4486087317, 8196333260
4488340250, 8195718250
4490572275, 8196437435
4496099177, 8196264092
4496211572, 8196114881
4498363697, 8195520943
4500291127, 8195793210
4503459046, 8191215424
4505739748, 8190543077
4508019513, 8189913568
4510344456, 8190508574
4512663335, 8195447070
4516050099, 8195073762
4518314346, 8191372468
4520635028, 8191233687
4522884850, 8197956221
4525149665, 8195974060
4528482467, 8196522742
4530780745, 8195179503
4533093873, 8196026064
4539135692, 8196170237
4539236695, 8198281804
4540378758, 8190901405
4543595821, 8191052503
4545880497, 8190641507
4548216419, 8196458277
4550479484, 8195561550
4552764596, 8198120409
4556048810, 8196071138
4557663510, 8198321672
4560888037, 8196285014
4563111732, 8196000401
4565335710, 8198427325
4568619523, 8194959353
4570839383, 8190726334
4573116867, 8195247900
4575339109, 8196417707
4578518871, 8195406517
4580801642, 8196308911
4583016944, 8191346996
4585277945, 8191174301
4588560919, 8198263784
4590786346, 8195384408
4593130759, 8190402711
4595352903, 8190006762
4598524627, 8195498404
4600813228, 8196219182
4603025871, 8198079104
4605884853, 8194986430
4608105211, 8198160788
4610330323, 8191299008
4613611477, 8197999229
4615896730, 8190374679
4618138917, 8190192728
4620423735, 8198302431
4622716107, 8198180635
4626004574, 8191424354
4628303108, 8198238685
4630527320, 8189807875
4632808805, 8195156097
4635104550, 8190088903
4638300849, 8196049206
4640587928, 8197911993
4642807838, 8190595079
4646088148, 8196480912
4648377923, 8190948331
4650643441, 8191276582
4653631261, 8189735663
4655865565, 8190246535
4658137365, 8195099068
4660422391, 8195273565
4662695739, 8198344362
4666035930, 8198366793
4668349040, 8190041386
4670578496, 8195361071
4672903439, 8195923623
4675123355, 8195473470
4678315806, 8197877489
4680604696, 8198202600
4682860657, 8190142097
4686110135, 8190995097
4688412381, 8198024081
4690641866, 8190772610
4692969392, 8196144756
4695185289, 8190345513
4698349994, 8195129901
4700697519, 8198142341
4702907097, 8191112215
4706133458, 8190815673
4708424941, 8195737487
4710651908, 8191449978
4712967038, 8195846063
4715195867, 8196396908
4718363598, 8198478173
4720656601, 8191195205
4722872925, 8191134012
4726106148, 8198461191
4728440113, 8195758168
4730671308, 8195871411
4732955759, 8198406858
4735248679, 8197976360
4738447014, 8190270407
4740775992, 8195009029
4742990936, 8195317428
4745212260, 8197935690
4748535199, 8195660760
4751238520, 8195223588
4753470608, 8195053227
4755753453, 8198388305
4758034806, 8195200648
4760327158, 8196375372
4762641521, 8194865341
4765969918, 8190293530
4768279146, 8195541082
4770546429, 8196355908
4772831713, 8195600053
4776113721, 8195895260
4778341116, 8195426750
4780630523, 8198097918
4782848672, 8190461882
4786084555, 8190114716
4788375676, 8195819299
4790608290, 8191152568
4792891125, 8191254249
4795117026, 8198444308
4798299072, 8196192993
4800642395, 8195699564
4802864902, 8198045041
4806220388, 8195619147
4808522395, 8195679826
4810743484, 8191027121
4813026705, 8195030817
